Number of Players: 2
 50 39 41 42 41 41 45 45 47 48 53 53 60
 36 54 40 43 42 41 43 44 49 50 52 56 60
 36 38 57 45 43 45 46 45 50 52 54 56 62
 37 40 42 59 48 45 47 47 49 53 56 58 63
 36 39 41 43 62 48 47 50 52 52 55 59 62
 38 40 42 44 44 66 50 53 52 56 54 58 62
 40 40 42 44 46 47 68 52 54 55 57 59 64
 43 42 44 45 47 49 49 71 56 57 59 63 65
 44 44 46 47 48 50 51 54 74 57 61 64 65
 47 48 48 49 50 52 53 55 57 76 60 63 66
 50 50 51 52 52 54 55 57 60 59 80 65 69
 53 53 54 55 56 56 57 60 62 62 64 83 68
 57 58 58 60 59 62 60 61 64 64 66 67 84
 Number of Players: 3
 31 26 27 26 26 27 27 28 31 32 34 36 41
 21 33 28 30 28 28 29 31 31 33 36 39 42
 23 25 37 31 31 31 30 29 33 34 38 39 43
 24 26 28 40 33 32 32 32 34 34 38 40 45
 23 24 27 29 43 35 34 35 33 36 37 41 44
 23 24 27 29 30 46 35 35 37 37 40 41 45
 24 24 26 29 31 32 49 37 38 39 41 41 46
 25 26 27 28 31 33 35 53 40 40 42 42 47
 27 28 29 29 31 33 35 38 57 43 46 46 49
 29 29 30 32 32 34 36 38 41 61 46 47 50
 31 32 33 34 33 34 37 39 41 42 64 49 51
 33 34 35 35 37 38 39 40 43 45 46 68 52
 37 39 40 40 41 42 43 44 46 48 48 50 74
 Number of Players: 4
 22 20 21 21 20 20 20 22 22 25 25 28 30
 16 24 21 22 22 22 21 22 23 25 27 28 33
 17 18 26 24 23 23 24 23 25 26 28 30 32
 17 18 21 30 25 25 25 25 25 27 28 30 34
 16 18 20 22 31 27 27 26 27 28 29 32 33
 16 17 19 21 23 35 28 29 28 30 29 33 35
 17 18 20 21 23 25 38 30 31 31 32 33 35
 18 18 19 21 23 24 27 40 32 33 34 35 36
 19 20 20 21 23 25 27 30 46 36 37 37 39
 20 21 22 23 23 26 28 29 32 49 37 38 40
 22 23 24 25 25 25 28 31 33 34 54 40 42
 25 25 26 27 27 29 29 31 34 35 36 57 42
 28 29 29 30 29 30 33 33 36 37 39 40 65
Number of Players: 5
 18 16 17 17 17 16 16 18 19 20 21 23 25
 12 19 18 19 18 17 19 18 19 20 23 24 28
 13 14 21 20 20 19 19 19 20 21 22 24 28
 13 15 16 23 21 22 21 21 21 22 23 25 28
 13 14 16 17 25 23 23 22 22 23 24 26 28
 12 14 16 17 19 27 24 23 24 24 25 26 28
 13 13 15 17 19 20 30 25 25 25 26 27 29
 13 14 15 17 18 20 21 33 27 27 27 29 30
 15 15 16 16 18 20 22 24 36 29 30 32 32
 16 17 17 18 18 20 22 24 27 40 32 33 34
 17 18 19 19 20 20 22 24 27 28 44 34 36
 19 20 20 21 21 22 24 25 28 29 31 50 36
 22 23 24 24 24 25 26 26 30 31 32 34 56
 Number of Players: 6
 16 15 14 15 15 14 14 15 16 17 18 20 23
 10 16 16 16 15 15 15 15 17 18 19 20 23
 11 12 18 18 17 16 17 16 17 18 19 21 24
 11 13 14 19 18 17 17 17 17 19 20 22 24
 10 12 13 15 21 19 19 19 19 19 20 21 24
 10 11 13 14 15 22 21 20 20 21 21 22 24
 10 11 12 14 15 17 25 22 22 22 22 23 26
 11 12 12 14 15 16 18 27 24 24 24 24 26
 12 13 13 14 15 17 18 20 30 26 27 28 29
 13 13 14 15 15 16 18 20 23 33 27 28 29
 14 15 15 16 16 16 18 21 23 24 38 30 31
 16 16 16 17 18 19 19 21 24 25 27 43 33
 18 19 20 20 20 21 21 22 25 26 27 30 49
Number of Players: 7
 14 13 13 14 13 12 13 14 14 15 16 18 20
  9 15 14 15 14 14 13 13 14 15 17 18 20
 10 11 16 16 15 15 14 14 15 16 17 19 21
 10 11 12 17 17 16 15 15 15 16 17 19 21
  9 10 12 13 18 17 16 17 17 16 18 19 21
  8  9 11 12 14 19 18 18 18 18 18 20 21
  9  9 10 12 13 15 21 19 19 19 20 20 22
  9 10 10 12 13 14 15 23 22 21 21 22 23
 10 11 11 11 13 14 16 18 25 23 24 25 25
 11 11 12 12 12 14 15 17 20 29 25 26 26
 12 12 13 13 14 14 16 17 20 21 33 26 27
 13 14 14 15 15 16 16 18 21 22 23 38 30
 16 16 17 18 17 18 18 19 21 23 24 26 44
Number of Players: 8
 14 11 12 13 12 11 11 12 13 13 14 15 18
  8 14 13 14 13 12 12 13 13 14 15 16 19
  8  9 14 15 14 13 13 13 14 14 15 17 19
  9 10 11 15 15 15 14 14 14 14 16 16 20
  8  9 10 12 16 15 15 15 15 15 16 17 19
  7  9 10 11 12 17 16 16 16 16 16 17 19
  7  8  9 11 12 13 18 17 18 18 18 18 20
  8  8  9 10 11 13 14 20 19 19 20 20 20
  9  9 10 10 11 12 14 16 22 21 21 22 23
  9 10 10 10 11 12 14 15 18 25 22 23 24
 10 11 11 12 12 12 14 15 18 19 29 24 25
 11 12 12 13 13 13 14 16 18 19 20 33 26
 14 14 15 15 14 15 16 16 19 20 21 23 39
Number of Players: 9
 13 11 11 11 11 10 11 11 12 12 13 15 16
  7 13 12 13 12 11 11 11 12 13 13 15 17
  8  9 13 14 13 12 12 11 12 13 14 15 17
  8  9 10 14 14 14 13 13 13 14 14 15 18
  7  8  9 11 15 15 14 14 14 14 15 16 17
  7  7  9 10 11 15 15 15 15 15 15 16 18
  7  7  8  9 11 12 16 16 17 16 16 16 18
  7  7  8  9 10 11 12 18 17 17 17 18 19
  8  8  9  9 10 11 13 14 19 20 20 20 21
  8  9  9  9 10 11 12 14 16 22 20 21 21
  9 10 10 10 10 11 12 13 16 17 25 22 22
 10 10 11 11 12 12 12 14 16 17 18 30 24
 12 13 13 14 13 14 14 15 17 18 19 20 34
Number of Players: 10
 12 10 10 11 10 10 10 10 11 12 12 14 15
  6 12 12 12 11 10 10 11 11 12 13 14 15
  7  8 13 13 12 11 11 11 11 12 13 14 16
  8  9  9 13 13 13 12 12 12 12 13 14 16
  6  8  9 10 14 14 13 13 13 12 13 14 16
  6  7  8  9 10 14 14 14 14 13 14 15 16
  6  7  7  9 10 11 15 15 15 15 15 15 16
  6  7  7  8  9 10 11 16 16 16 15 16 17
  7  7  8  8  9 10 11 13 17 18 18 19 19
  8  8  8  8  9 10 11 13 15 20 18 19 20
  8  8  9  9  9 10 11 12 14 15 23 20 21
  9 10 10 10 11 11 11 12 15 15 16 26 21
 11 11 12 12 11 12 12 13 15 16 17 18 32
